-0.10	0
-0.10	0
-0.09	0
-0.09	0
-0.08	0
-0.08	0
-0.07	0
-0.07	0
-0.06	0
-0.06	0
-0.06	0
-0.05	0
-0.05	0
-0.04	0
-0.04	0
-0.03	0
-0.03	0
-0.02	0
-0.02	0
-0.02	79
-0.01	4468
-0.01	6762
-0.00	6763
0.00	6746
0.01	6515
0.01	6567
0.02	6655
0.02	6827
0.02	7735
0.03	8909
0.03	9443
0.04	8568
0.04	6922
0.05	5139
0.05	3956
0.06	3550
0.06	3166
0.07	2955
0.07	2796
0.07	2632
0.08	2418
0.08	2261
0.09	2076
0.09	1960
0.10	1898
0.10	1884
0.11	1776
0.11	1590
0.11	1461
0.12	1242
0.12	1190
0.13	986
0.13	849
0.14	802
0.14	754
0.15	638
0.15	664
0.15	584
0.16	538
0.16	480
0.17	493
0.17	447
0.18	408
0.18	359
0.19	353
0.19	332
0.20	314
0.20	296
0.20	285
0.21	226
0.21	222
0.22	240
0.22	197
0.23	193
0.23	162
0.24	157
0.24	157
0.24	132
0.25	137
0.25	113
0.26	117
0.26	107
0.27	107
0.27	99
0.28	91
0.28	79
0.28	84
0.29	82
0.29	90
0.30	69
0.30	64
0.31	60
0.31	60
0.32	43
0.32	46
0.33	48
0.33	54
0.33	41
0.34	44
0.34	45
0.35	32
0.35	38
0.36	35
0.36	33
0.37	43
0.37	32
0.37	24
0.38	31
0.38	26
0.39	30
0.39	18
0.40	23
0.40	25
0.41	22
0.41	24
0.41	14
0.42	19
0.42	12
0.43	18
0.43	16
0.44	21
0.44	18
0.45	18
0.45	11
0.46	19
0.46	17
0.46	11
0.47	14
0.47	19
0.48	21
0.48	14
0.49	16
0.49	12
0.50	20
0.50	17
0.50	18
0.51	15
0.51	15
0.52	19
0.52	7
0.53	8
0.53	14
0.54	11
0.54	11
0.54	17
0.55	13
0.55	10
0.56	8
0.56	12
0.57	10
0.57	12
0.58	11
0.58	21
0.59	12
0.59	7
0.59	17
0.60	12
0.60	12
0.61	14
0.61	15
0.62	5
0.62	13
0.63	23
0.63	14
0.63	19
0.64	5
0.64	13
0.65	14
0.65	8
0.66	9
0.66	12
0.67	14
0.67	22
0.67	19
0.68	13
0.68	9
0.69	9
0.69	9
0.70	15
0.70	17
0.71	11
0.71	8
0.72	11
0.72	10
0.72	13
0.73	15
0.73	8
0.74	9
0.74	20
0.75	10
0.75	12
0.76	13
0.76	12
0.76	14
0.77	9
0.77	11
0.78	8
0.78	6
0.79	11
0.79	9
0.80	7
0.80	9
0.80	11
0.81	19
0.81	5
0.82	15
0.82	11
0.83	22
0.83	12
0.84	15
0.84	8
0.85	10
0.85	11
0.85	15
0.86	10
0.86	16
0.87	18
0.87	13
0.88	16
0.88	17
0.89	12
0.89	7
0.89	11
0.90	14
0.90	12
0.91	10
0.91	14
0.92	16
0.92	13
0.93	16
0.93	18
0.93	7
0.94	17
0.94	9
0.95	17
0.95	13
0.96	15
0.96	7
0.97	4
0.97	10
0.98	9
0.98	17
0.98	10
0.99	11
0.99	13
1.00	12
1.00	18
1.01	12
1.01	14
1.02	14
1.02	16
1.02	15
1.03	10
1.03	9
1.04	11
1.04	18
1.05	11
1.05	14
1.06	7
1.06	8
1.06	17
1.07	11
1.07	16
1.08	20
1.08	15
1.09	17
1.09	12
1.10	13
1.10	15
1.10	11
1.11	11
1.11	10
1.12	18
1.12	18
1.13	13
1.13	14
1.14	14
1.14	12
1.15	17
1.15	10
1.15	13
1.16	14
1.16	10
1.17	9
1.17	18
1.18	14
1.18	11
1.19	19
1.19	20
1.19	13
1.20	11
1.20	16
1.21	13
1.21	12
1.22	10
1.22	11
1.23	10
1.23	13
1.23	16
1.24	14
1.24	14
1.25	14
1.25	14
1.26	15
1.26	6
1.27	17
1.27	12
1.28	25
1.28	15
1.28	13
1.29	15
1.29	12
1.30	14
1.30	16
1.31	12
1.31	17
1.32	16
1.32	9
1.32	15
1.33	14
1.33	18
1.34	15
1.34	14
1.35	15
1.35	8
1.36	15
1.36	17
1.36	16
1.37	9
1.37	13
1.38	11
1.38	9
1.39	18
1.39	5
1.40	13
1.40	16
1.41	6
1.41	15
1.41	14
1.42	15
1.42	15
1.43	11
1.43	11
1.44	17
1.44	24
1.45	17
1.45	14
1.45	15
1.46	13
1.46	19
1.47	14
1.47	10
1.48	12
1.48	21
1.49	19
1.49	11
1.49	9
1.50	22
1.50	19
1.51	14
1.51	12
1.52	11
1.52	18
1.53	18
1.53	10
1.54	13
1.54	20
1.54	21
1.55	14
1.55	18
1.56	15
1.56	15
1.57	21
1.57	22
1.58	12
1.58	15
1.58	19
1.59	19
1.59	14
1.60	15
1.60	17
1.61	13
1.61	18
1.62	20
1.62	13
1.62	16
1.63	18
1.63	12
1.64	16
1.64	13
1.65	17
1.65	14
1.66	19
1.66	21
1.67	22
1.67	15
1.67	15
1.68	16
1.68	15
1.69	17
1.69	23
1.70	18
1.70	16
1.71	20
1.71	13
1.71	20
1.72	12
1.72	18
1.73	26
1.73	20
1.74	23
1.74	18
1.75	16
1.75	13
1.75	17
1.76	18
1.76	21
1.77	12
1.77	19
1.78	20
1.78	16
1.79	16
1.79	13
1.80	26
1.80	14
1.80	9
1.81	12
1.81	23
1.82	19
1.82	14
1.83	22
1.83	20
1.84	17
1.84	16
1.84	15
1.85	20
1.85	19
1.86	17
1.86	19
1.87	6
1.87	29
1.88	18
1.88	12
1.88	17
1.89	16
1.89	23
1.90	21
1.90	23
1.91	17
1.91	21
1.92	21
1.92	16
1.93	27
1.93	6
1.93	17
1.94	17
1.94	20
1.95	17
1.95	19
1.96	22
1.96	24
1.97	15
1.97	13
1.97	17
1.98	17
1.98	18
1.99	14
1.99	15
2.00	17
2.00	23
2.01	17
2.01	16
2.01	20
2.02	18
2.02	21
2.03	16
2.03	13
2.04	17
2.04	13
2.05	23
2.05	20
2.06	18
2.06	26
2.06	17
2.07	24
2.07	15
2.08	15
2.08	16
2.09	18
2.09	17
2.10	11
2.10	21
2.10	19
2.11	19
2.11	19
2.12	17
2.12	11
2.13	21
2.13	19
2.14	16
2.14	18
2.14	17
2.15	29
2.15	21
2.16	17
2.16	16
2.17	18
2.17	21
2.18	16
2.18	22
2.19	16
2.19	26
2.19	19
2.20	22
2.20	17
2.21	29
2.21	21
2.22	23
2.22	15
2.23	18
2.23	21
2.23	26
2.24	29
2.24	21
2.25	20
2.25	20
2.26	25
2.26	30
2.27	23
2.27	23
2.27	19
2.28	24
2.28	23
2.29	34
2.29	27
2.30	25
2.30	28
2.31	21
2.31	17
2.32	26
2.32	35
2.32	29
2.33	14
2.33	29
2.34	29
2.34	36
2.35	31
2.35	32
2.36	28
2.36	25
2.36	23
2.37	40
2.37	33
2.38	37
2.38	25
2.39	38
2.39	28
2.40	32
2.40	26
2.40	19
2.41	20
2.41	22
2.42	24
2.42	21
2.43	26
2.43	20
2.44	18
2.44	33
2.45	24
2.45	23
2.45	18
2.46	27
2.46	21
2.47	19
2.47	33
2.48	32
2.48	19
2.49	34
2.49	32
2.49	30
2.50	38
2.50	43
2.51	22
2.51	26
2.52	26
2.52	26
2.53	32
2.53	46
2.53	23
2.54	28
2.54	33
2.55	20
2.55	20
2.56	30
2.56	22
2.57	26
2.57	29
2.58	24
2.58	24
2.58	30
2.59	29
2.59	29
2.60	25
2.60	19
2.61	13
2.61	26
2.62	33
2.62	33
2.62	30
2.63	22
2.63	20
2.64	20
2.64	27
2.65	34
2.65	39
2.66	23
2.66	25
2.66	20
2.67	28
2.67	20
2.68	31
2.68	26
2.69	34
2.69	31
2.70	23
2.70	23
2.71	31
2.71	30
2.71	31
2.72	35
2.72	28
2.73	22
2.73	25
2.74	34
2.74	35
2.75	33
2.75	30
2.75	30
2.76	32
2.76	43
2.77	29
2.77	40
2.78	39
2.78	39
2.79	39
2.79	36
2.79	30
2.80	29
2.80	34
2.81	32
2.81	32
2.82	27
2.82	26
2.83	25
2.83	32
2.84	27
2.84	20
2.84	34
2.85	27
2.85	21
2.86	27
2.86	15
2.87	24
2.87	29
2.88	25
2.88	33
2.88	28
2.89	19
2.89	19
2.90	26
2.90	28
2.91	24
2.91	20
2.92	24
2.92	27
2.92	27
2.93	24
2.93	34
2.94	23
2.94	26
2.95	33
2.95	31
2.96	22
2.96	21
2.97	31
2.97	34
2.97	36
2.98	18
2.98	38
2.99	34
2.99	34
3.00	27
3.00	36
3.01	22
3.01	33
3.01	44
3.02	28
3.02	36
3.03	28
3.03	25
3.04	27
3.04	26
3.05	23
3.05	27
3.05	27
3.06	23
3.06	30
3.07	37
3.07	23
3.08	25
3.08	26
3.09	35
3.09	30
3.10	27
3.10	37
3.10	29
3.11	26
3.11	27
3.12	24
3.12	37
3.13	33
3.13	23
3.14	24
3.14	14
3.14	21
3.15	38
3.15	25
3.16	29
3.16	34
3.17	27
3.17	30
3.18	36
3.18	31
3.18	23
3.19	20
3.19	30
3.20	19
3.20	23
3.21	26
3.21	28
3.22	22
3.22	29
3.22	26
3.23	22
3.23	27
3.24	25
3.24	19
3.25	23
3.25	28
3.26	26
3.26	18
3.27	28
3.27	35
3.27	28
3.28	22
3.28	24
3.29	28
3.29	16
3.30	35
3.30	29
3.31	21
3.31	35
3.31	31
3.32	26
3.32	23
3.33	25
3.33	32
3.34	24
3.34	28
3.35	27
3.35	24
3.35	32
3.36	23
3.36	34
3.37	27
3.37	28
3.38	29
3.38	24
3.39	28
3.39	30
3.40	26
3.40	34
3.40	15
3.41	27
3.41	27
3.42	24
3.42	21
3.43	30
3.43	24
3.44	24
3.44	28
3.44	13
3.45	32
3.45	25
3.46	26
3.46	22
3.47	26
3.47	29
3.48	32
3.48	31
3.48	34
3.49	20
3.49	28
3.50	22
3.50	23
3.51	22
3.51	26
3.52	19
3.52	26
3.53	31
3.53	28
3.53	30
3.54	26
3.54	28
3.55	34
3.55	24
3.56	28
3.56	28
3.57	27
3.57	22
3.57	38
3.58	29
3.58	42
3.59	29
3.59	25
3.60	30
3.60	21
3.61	20
3.61	26
3.61	31
3.62	36
3.62	25
3.63	29
3.63	31
3.64	27
3.64	24
3.65	25
3.65	28
3.66	30
3.66	19
3.66	36
3.67	24
3.67	31
3.68	24
3.68	22
3.69	38
3.69	29
3.70	36
3.70	27
3.70	29
3.71	30
3.71	35
3.72	39
3.72	32
3.73	23
3.73	29
3.74	33
3.74	28
3.74	41
3.75	30
3.75	28
3.76	22
3.76	34
3.77	26
3.77	24
3.78	36
3.78	26
3.79	25
3.79	26
3.79	34
3.80	41
3.80	30
3.81	32
3.81	33
3.82	17
3.82	38
3.83	43
3.83	29
3.83	34
3.84	25
3.84	27
3.85	32
3.85	31
3.86	30
3.86	31
3.87	34
3.87	38
3.87	31
3.88	30
3.88	43
3.89	41
3.89	39
3.90	35
3.90	34
3.91	29
3.91	31
3.92	43
3.92	42
3.92	39
3.93	31
3.93	34
3.94	31
3.94	28
3.95	36
3.95	27
3.96	24
3.96	41
3.96	26
3.97	33
3.97	28
3.98	34
3.98	40
3.99	36
3.99	27
4.00	26
4.00	34
4.00	27
4.01	37
4.01	32
4.02	31
4.02	37
4.03	23
4.03	34
4.04	26
4.04	35
4.05	50
4.05	25
4.05	32
4.06	33
4.06	35
4.07	27
4.07	29
4.08	38
4.08	33
4.09	39
4.09	33
4.09	38
4.10	28
4.10	31
4.11	40
4.11	30
4.12	35
4.12	33
4.13	35
4.13	43
4.13	20
4.14	32
4.14	22
4.15	28
4.15	29
4.16	34
4.16	22
4.17	32
4.17	29
4.18	41
4.18	38
4.18	33
4.19	53
4.19	40
4.20	30
4.20	36
4.21	42
4.21	32
4.22	44
4.22	44
4.22	34
4.23	33
4.23	28
4.24	34
4.24	43
4.25	42
4.25	35
4.26	22
4.26	41
4.26	39
4.27	34
4.27	46
4.28	38
4.28	28
4.29	49
4.29	31
4.30	45
4.30	44
4.31	42
4.31	34
4.31	28
4.32	37
4.32	28
4.33	51
4.33	55
4.34	36
4.34	41
4.35	53
4.35	27
4.35	40
4.36	42
4.36	36
4.37	43
4.37	45
4.38	37
4.38	32
4.39	42
4.39	36
4.39	43
4.40	43
4.40	38
4.41	33
4.41	39
4.42	41
4.42	48
4.43	34
4.43	48
4.44	57
4.44	58
4.44	52
4.45	46
4.45	47
4.46	42
4.46	54
4.47	42
4.47	53
4.48	39
4.48	40
4.48	54
4.49	52
4.49	39
4.50	34
4.50	59
4.51	48
4.51	48
4.52	52
4.52	38
4.52	47
4.53	48
4.53	39
4.54	38
4.54	59
4.55	42
4.55	37
4.56	47
4.56	38
4.57	63
4.57	33
4.57	33
4.58	55
4.58	54
4.59	54
4.59	53
4.60	45
4.60	48
4.61	57
4.61	38
4.61	68
4.62	47
4.62	47
4.63	45
4.63	59
4.64	52
4.64	51
4.65	58
4.65	47
4.65	53
4.66	44
4.66	51
4.67	54
4.67	62
4.68	44
4.68	54
4.69	45
4.69	45
4.70	49
4.70	52
4.70	55
4.71	48
4.71	61
4.72	58
4.72	58
4.73	53
4.73	55
4.74	56
4.74	56
4.74	51
4.75	63
4.75	61
4.76	61
4.76	60
4.77	53
4.77	54
4.78	65
4.78	53
4.78	49
4.79	69
4.79	66
4.80	62
4.80	71
4.81	72
4.81	82
4.82	74
4.82	82
4.83	73
4.83	65
4.83	77
4.84	86
4.84	76
4.85	69
4.85	89
4.86	85
4.86	105
4.87	112
4.87	110
4.87	101
4.88	93
4.88	105
4.89	115
4.89	105
4.90	103
4.90	112
4.91	124
4.91	163
4.91	143
4.92	164
4.92	182
4.93	192
4.93	204
4.94	197
4.94	213
4.95	218
4.95	238
4.96	256
4.96	273
4.96	325
4.97	349
4.97	380
4.98	381
4.98	429
4.99	500
4.99	546
5.00	673
5.00	680
5.00	817
5.01	884
5.01	995
5.02	1120
5.02	1241
5.03	1454
5.03	1475
5.04	1680
5.04	1812
5.04	1972
5.05	2049
5.05	2378
5.06	2574
5.06	2697
5.07	2865
5.07	2963
5.08	3209
5.08	3370
5.09	3531
5.09	3635
5.09	3720
5.10	3819
5.10	4085
5.11	3996
5.11	4002
5.12	4173
5.12	4183
5.13	4050
5.13	4087
5.13	3965
5.14	3841
5.14	3613
5.15	3572
5.15	3277
5.16	2986
5.16	2808
5.17	2684
5.17	2466
5.17	2379
5.18	2387
5.18	2404
5.19	2516
5.19	2716
5.20	2730
5.20	2879
5.21	2961
5.21	3000
5.21	3143
5.22	3177
5.22	3271
5.23	3254
5.23	2995
5.24	2895
5.24	2671
5.25	2362
5.25	2137
5.26	1798
5.26	1447
5.26	1108
5.27	852
5.27	613
5.28	476
5.28	322
5.29	256
5.29	186
5.30	158
5.30	123
5.30	108
5.31	117
5.31	113
5.32	141
5.32	120
5.33	136
5.33	134
5.34	147
5.34	146
5.34	186
5.35	187
5.35	226
5.36	223
5.36	235
5.37	242
5.37	300
5.38	343
5.38	335
5.39	431
5.39	436
5.39	532
5.40	665
5.40	737
5.41	822
5.41	937
5.42	1085
5.42	1276
5.43	1447
5.43	1632
5.43	1894
5.44	2175
5.44	2404
5.45	2755
5.45	2959
5.46	3181
5.46	3420
5.47	3617
5.47	3705
5.47	3934
5.48	4026
5.48	3945
5.49	3974
5.49	3766
5.50	3834
5.50	3340
5.51	3108
5.51	2848
5.52	2367
5.52	1810
5.52	1525
5.53	1214
5.53	766
5.54	559
5.54	339
5.55	239
5.55	158
5.56	114
5.56	82
5.56	74
5.57	52
5.57	62
5.58	64
5.58	59
5.59	49
5.59	59
5.60	51
5.60	69
5.60	54
5.61	46
5.61	38
5.62	47
5.62	32
5.63	38
5.63	41
5.64	27
5.64	35
5.65	42
5.65	44
5.65	41
5.66	58
5.66	51
5.67	35
5.67	47
5.68	42
5.68	53
5.69	61
5.69	50
5.69	52
5.70	46
5.70	62
5.71	55
5.71	59
5.72	82
5.72	82
5.73	83
5.73	84
5.73	104
5.74	99
5.74	109
5.75	137
5.75	157
5.76	150
5.76	156
5.77	207
5.77	250
5.78	246
5.78	300
5.78	352
5.79	383
5.79	471
5.80	539
5.80	576
5.81	689
5.81	778
5.82	810
5.82	952
5.82	999
5.83	1077
5.83	1148
5.84	1132
5.84	1272
5.85	1332
5.85	1312
5.86	1329
5.86	1255
5.86	1294
5.87	1235
5.87	1168
5.88	1134
5.88	1014
5.89	891
5.89	817
5.90	676
5.90	599
5.91	516
5.91	422
5.91	416
5.92	337
5.92	299
5.93	281
5.93	219
5.94	185
5.94	192
5.95	147
5.95	162
5.95	161
5.96	189
5.96	220
5.97	220
5.97	225
5.98	264
5.98	297
5.99	318
5.99	390
5.99	424
6.00	474
6.00	513
6.01	663
6.01	752
6.02	879
6.02	1051
6.03	1141
6.03	1518
6.04	1642
6.04	1889
6.04	2213
6.05	2553
6.05	2768
6.06	3146
6.06	3420
6.07	3678
6.07	3872
6.08	4237
6.08	4348
6.08	4457
6.09	4295
6.09	4465
6.10	4165
6.10	3936
6.11	3500
6.11	3196
6.12	2759
6.12	2283
6.12	1797
6.13	1266
6.13	877
6.14	551
6.14	319
6.15	198
6.15	143
6.16	58
6.16	49
6.17	29
6.17	19
6.17	25
6.18	24
6.18	18
6.19	21
6.19	14
6.20	16
6.20	27
6.21	17
6.21	14
6.21	24
6.22	25
6.22	17
6.23	29
6.23	29
6.24	25
6.24	17
6.25	22
6.25	34
6.25	28
6.26	25
6.26	30
6.27	30
6.27	30
6.28	21
6.28	32
6.29	25
6.29	26
6.30	44
6.30	24
6.30	24
6.31	34
6.31	28
6.32	31
6.32	43
6.33	33
6.33	45
6.34	30
6.34	37
6.34	40
6.35	32
6.35	47
6.36	34
6.36	39
6.37	45
6.37	46
6.38	38
6.38	56
6.38	67
6.39	59
6.39	61
6.40	61
6.40	78
6.41	68
6.41	70
6.42	79
6.42	78
6.43	111
6.43	96
6.43	120
6.44	114
6.44	139
6.45	148
6.45	155
6.46	176
6.46	205
6.47	205
6.47	234
6.47	289
6.48	300
6.48	345
6.49	413
6.49	481
6.50	565
6.50	691
6.51	773
6.51	923
6.51	1075
6.52	1282
6.52	1507
6.53	1672
6.53	2048
6.54	2349
6.54	2660
6.55	2990
6.55	3262
6.56	3530
6.56	3878
6.56	4143
6.57	4366
6.57	4461
6.58	4637
6.58	4472
6.59	4249
6.59	4150
6.60	3729
6.60	3441
6.60	2955
6.61	2433
6.61	1868
6.62	1427
6.62	1041
6.63	657
6.63	417
6.64	227
6.64	112
6.64	62
6.65	35
6.65	17
6.66	14
6.66	6
6.67	8
6.67	6
6.68	6
6.68	4
6.69	3
6.69	6
6.69	5
6.70	6
6.70	4
6.71	7
6.71	8
6.72	1
6.72	5
6.73	7
6.73	2
6.73	5
6.74	4
6.74	6
6.75	3
6.75	5
6.76	2
6.76	7
6.77	7
6.77	6
6.77	6
6.78	4
6.78	3
6.79	2
6.79	8
6.80	5
6.80	6
6.81	5
6.81	6
6.82	4
6.82	3
6.82	1
6.83	5
6.83	6
6.84	7
6.84	1
6.85	4
6.85	4
6.86	8
6.86	3
6.86	4
6.87	4
6.87	5
6.88	8
6.88	6
6.89	5
6.89	3
6.90	3
6.90	5
6.90	4
6.91	4
6.91	8
6.92	0
6.92	3
6.93	5
6.93	8
6.94	4
6.94	3
6.95	4
6.95	6
6.95	3
6.96	2
6.96	2
6.97	6
6.97	5
6.98	6
6.98	3
6.99	3
6.99	2
6.99	4
7.00	5
7.00	5
7.01	5
7.01	9
7.02	3
7.02	3
7.03	7
7.03	5
7.03	3
7.04	4
7.04	5
7.05	8
7.05	6
7.06	5
7.06	5
7.07	0
7.07	2
7.08	5
7.08	6
7.08	7
7.09	3
7.09	8
7.10	6
7.10	6
7.11	7
7.11	6
7.12	4
7.12	2
7.12	4
7.13	7
7.13	7
7.14	8
7.14	9
7.15	6
7.15	2
7.16	3
7.16	5
7.16	8
7.17	5
7.17	5
7.18	7
7.18	3
7.19	6
7.19	2
7.20	8
7.20	3
7.20	1
7.21	5
7.21	6
7.22	5
7.22	6
7.23	2
7.23	1
7.24	3
7.24	3
7.25	3
7.25	5
7.25	9
7.26	5
7.26	5
7.27	6
7.27	3
7.28	4
7.28	7
7.29	6
7.29	5
7.29	4
7.30	4
7.30	4
7.31	3
7.31	3
7.32	2
7.32	7
7.33	3
7.33	7
7.33	1
7.34	5
7.34	3
7.35	4
7.35	3
7.36	4
7.36	5
7.37	9
7.37	5
7.38	7
7.38	7
7.38	4
7.39	7
7.39	4
7.40	2
7.40	6
7.41	5
7.41	4
7.42	9
7.42	2
7.42	6
7.43	4
7.43	6
7.44	3
7.44	3
7.45	4
7.45	6
7.46	2
7.46	9
7.46	4
7.47	8
7.47	7
7.48	5
7.48	5
7.49	9
7.49	5
7.50	6
7.50	3
7.51	5
7.51	4
7.51	4
7.52	8
7.52	5
7.53	5
7.53	4
7.54	6
7.54	6
7.55	11
7.55	7
7.55	4
7.56	6
7.56	6
7.57	5
7.57	6
7.58	4
7.58	5
7.59	6
7.59	8
7.59	6
7.60	6
7.60	3
7.61	5
7.61	6
7.62	8
7.62	5
7.63	2
7.63	3
7.64	4
7.64	6
7.64	6
7.65	5
7.65	5
7.66	3
7.66	8
7.67	2
7.67	3
7.68	9
7.68	6
7.68	5
7.69	8
7.69	5
7.70	3
7.70	7
7.71	5
7.71	6
7.72	10
7.72	4
7.72	3
7.73	4
7.73	3
7.74	2
7.74	7
7.75	4
7.75	6
7.76	1
7.76	4
7.77	7
7.77	6
7.77	3
7.78	5
7.78	6
7.79	3
7.79	4
7.80	3
7.80	4
7.81	6
7.81	2
7.81	10
7.82	3
7.82	8
7.83	6
7.83	5
7.84	2
7.84	2
7.85	7
7.85	9
7.85	3
7.86	7
7.86	6
7.87	5
7.87	4
7.88	2
7.88	9
7.89	6
7.89	5
7.90	7
7.90	11
7.90	5
7.91	8
7.91	9
7.92	3
7.92	14
7.93	5
7.93	6
7.94	7
7.94	3
7.94	8
7.95	5
7.95	9
7.96	12
7.96	1
7.97	6
7.97	5
7.98	8
7.98	6
7.98	3
7.99	12
7.99	11
8.00	10
8.00	8
8.01	6
8.01	4
8.02	6
8.02	12
8.03	12
8.03	8
8.03	6
8.04	8
8.04	8
8.05	7
8.05	10
8.06	8
8.06	7
8.07	11
8.07	8
8.07	2
8.08	12
8.08	10
8.09	8
8.09	3
8.10	10
8.10	17
8.11	13
8.11	2
8.11	11
8.12	10
8.12	8
8.13	6
8.13	4
8.14	7
8.14	8
8.15	8
8.15	7
8.16	10
8.16	8
8.16	13
8.17	11
8.17	9
8.18	10
8.18	8
8.19	8
8.19	10
8.20	13
8.20	8
8.20	13
8.21	8
8.21	11
8.22	15
8.22	14
8.23	9
8.23	9
8.24	10
8.24	12
8.24	12
8.25	6
8.25	14
8.26	13
8.26	11
8.27	11
8.27	15
8.28	15
8.28	12
8.29	24
8.29	14
8.29	9
8.30	15
8.30	16
8.31	19
8.31	12
8.32	15
8.32	14
8.33	18
8.33	20
8.33	25
8.34	18
8.34	17
8.35	19
8.35	28
8.36	21
8.36	20
8.37	26
8.37	24
8.37	27
8.38	24
8.38	30
8.39	24
8.39	29
8.40	27
8.40	28
8.41	41
8.41	24
8.42	51
8.42	33
8.42	47
8.43	41
8.43	59
8.44	63
8.44	48
8.45	68
8.45	75
8.46	75
8.46	75
8.46	94
8.47	121
8.47	108
8.48	148
8.48	143
8.49	206
8.49	214
8.50	232
8.50	274
8.50	297
8.51	383
8.51	373
8.52	525
8.52	658
8.53	783
8.53	917
8.54	1160
8.54	1338
8.55	1606
8.55	1852
8.55	2062
8.56	2333
8.56	2627
8.57	2852
8.57	2988
8.58	3160
8.58	3173
8.59	3234
8.59	3135
8.59	2850
8.60	2684
8.60	2257
8.61	1899
8.61	1540
8.62	1085
8.62	808
8.63	473
8.63	322
8.63	190
8.64	104
8.64	77
8.65	45
8.65	42
8.66	27
8.66	34
8.67	27
8.67	22
8.68	20
8.68	18
8.68	18
8.69	18
8.69	9
8.70	26
8.70	13
8.71	16
8.71	20
8.72	18
8.72	18
8.72	12
8.73	10
8.73	11
8.74	9
8.74	10
8.75	12
8.75	8
8.76	7
8.76	13
8.76	7
8.77	6
8.77	8
8.78	8
8.78	3
8.79	7
8.79	0
8.80	0
8.80	0
8.81	0
8.81	0
8.81	0
8.82	0
8.82	0
8.83	0
8.83	0
8.84	0
8.84	0
8.85	0
8.85	0
8.85	0
8.86	0
8.86	0
8.87	0
8.87	0
8.88	0
8.88	0
8.89	0
8.89	0
8.89	0
8.90	0
8.90	0
8.91	0
8.91	0
8.92	0
8.92	0
8.93	0
8.93	0
8.94	0
8.94	0
8.94	0
8.95	0
8.95	0
8.96	0
8.96	0
8.97	0
8.97	0
8.98	0
8.98	0
8.98	0
8.99	0
8.99	0
9.00	0
9.00	0
9.01	0
9.01	0
9.02	0
9.02	0
9.02	0
9.03	0
9.03	0
9.04	0
9.04	0
9.05	0
9.05	0
9.06	0
9.06	0
9.07	0
9.07	0
9.07	0
